Edge	8	44	96	0	0	0	79	-1
	Sequence	+edge_5_0_-disjointig_1_4011709_4023936 12227 -1 4996014 4011709 4023936
Edge	9	47	79	0	0	0	79	-1
	Sequence	-edge_5_0_-disjointig_1_4011709_4023936 12227 1 4996014 972077 984304
Edge	10	80	57	0	0	0	51	-1
	Sequence	+edge_6_0_+disjointig_1_3710754_4175732 464978 1 4996014 3710754 4175732
Edge	11	14	78	0	0	0	51	-1
	Sequence	-edge_6_0_+disjointig_1_3710754_4175732 464978 -1 4996014 820281 1285259
Edge	12	153	42	0	0	0	67	-1
	Sequence	+edge_7_0_+disjointig_1_2613406_2617338 3932 1 4996014 2613406 2617338
Edge	13	60	106	0	0	0	67	-1
	Sequence	-edge_7_0_+disjointig_1_2613406_2617338 3932 -1 4996014 2378675 2382607
Edge	14	10	177	0	0	0	64	-1
	Sequence	+edge_8_0_+disjointig_1_432867_551571 118704 1 4996014 432867 551571
Edge	15	62	13	0	0	0	64	-1
	Sequence	-edge_8_0_+disjointig_1_432867_551571 118704 -1 4996014 4444442 4563146
Edge	16	148	22	0	0	0	75	-1
	Sequence	+edge_9_0_+disjointig_1_985634_1125585 139951 1 4996014 985634 1125585
Edge	17	164	46	0	0	0	75	-1
	Sequence	-edge_9_0_+disjointig_1_985634_1125585 139951 -1 4996014 3870428 4010379
Edge	18	183	38	0	0	0	71	-1
	Sequence	+edge_10_0_-disjointig_1_2383937_2399393 15456 -1 4996014 2383937 2399393
Edge	19	35	111	0	0	0	71	-1
	Sequence	-edge_10_0_-disjointig_1_2383937_2399393 15456 1 4996014 2596620 2612076
Edge	20	160	186	0	0	0	55	-1
	Sequence	+edge_11_0_-disjointig_1_1286589_1402202 115613 -1 4996014 1286589 1402202
Edge	21	27	130	0	0	0	55	-1
	Sequence	-edge_11_0_-disjointig_1_1286589_1402202 115613 1 4996014 3593811 3709424
Edge	24	128	70	0	0	0	49	-1
	Sequence	+edge_13_0_-disjointig_1_780107_785349 5242 -1 4996014 780107 785349
Edge	25	144	72	0	0	0	49	-1
	Sequence	-edge_13_0_-disjointig_1_780107_785349 5242 1 4996014 4210664 4215906
Edge	26	84	116	0	0	0	66	-1
	Sequence	+edge_14_0_-disjointig_1_4438435_4442663 4228 -1 4996014 4438435 4442663
Edge	27	122	182	0	0	0	66	-1
	Sequence	-edge_14_0_-disjointig_1_4438435_4442663 4228 1 4996014 553350 557578
Edge	28	69	15	0	0	0	50	-1
	Sequence	+edge_15_0_-disjointig_1_787238_818778 31540 -1 4996014 787238 818778
Edge	29	54	68	0	0	0	50	-1
	Sequence	-edge_15_0_-disjointig_1_787238_818778 31540 1 4996014 4177235 4208775
Edge	30	134	50	0	0	0	65	-1
	Sequence	+edge_16_0_+disjointig_1_559000_589850 30850 1 4996014 559000 589850
Edge	31	52	158	0	0	0	65	-1
	Sequence	-edge_16_0_+disjointig_1_559000_589850 30850 -1 4996014 4406163 4437013
Edge	32	71	170	0	0	0	48	-1
	Sequence	+edge_17_0_+disjointig_1_4217685_4269387 51702 1 4996014 4217685 4269387
Edge	33	99	119	0	0	0	48	-1
	Sequence	-edge_17_0_+disjointig_1_4217685_4269387 51702 -1 4996014 726626 778328
Edge	36	17	101	0	0	0	80	-1
	Sequence	+edge_19_0_-disjointig_1_3308134_3421130 112996 -1 4996014 3308134 3421130
Edge	37	118	16	0	0	0	80	-1
	Sequence	-edge_19_0_-disjointig_1_3308134_3421130 112996 1 4996014 1574883 1687879
Edge	38	63	167	0	0	0	76	-1
	Sequence	+edge_20_0_-disjointig_1_3426569_3599363 172794 -1 4996014 3426569 3599363
Edge	39	189	107	0	0	0	76	-1
	Sequence	-edge_20_0_-disjointig_1_3426569_3599363 172794 1 4996014 1396650 1569444
Edge	40	157	123	0	0	0	83	-1
	Sequence	+edge_21_0_-disjointig_1_3644880_3812220 167340 -1 4996014 3644880 3812220
Edge	41	162	179	0	0	0	83	-1
	Sequence	-edge_21_0_-disjointig_1_3644880_3812220 167340 1 4996014 1183793 1351133
Edge	42	89	24	0	0	0	73	-1
	Sequence	+edge_22_0_+disjointig_1_2233010_2586483 353473 1 4996014 2233010 2586483
Edge	43	25	94	0	0	0	73	-1
	Sequence	-edge_22_0_+disjointig_1_2233010_2586483 353473 -1 4996014 2409530 2763003
Edge	44	193	112	0	0	0	81	-1
	Sequence	+edge_23_0_-disjointig_1_3604710_3608741 4031 -1 4996014 3604710 3608741
Edge	45	105	185	0	0	0	81	-1
	Sequence	-edge_23_0_-disjointig_1_3604710_3608741 4031 1 4996014 1387272 1391303
Edge	46	85	168	0	0	0	59	-1
	Sequence	+edge_24_0_+disjointig_1_3007748_3573150 565402 1 4996014 3007748 3573150
Edge	47	92	181	0	0	0	59	-1
	Sequence	-edge_24_0_+disjointig_1_3007748_3573150 565402 -1 4996014 1422863 1988265
Edge	48	49	77	0	0	0	68	-1
	Sequence	+edge_25_0_+disjointig_1_595267_944137 348870 1 4996014 595267 944137
Edge	49	45	53	0	0	0	68	-1
	Sequence	-edge_25_0_+disjointig_1_595267_944137 348870 -1 4996014 4051876 4400746
Edge	50	113	86	0	0	0	87	-1
	Sequence	+edge_26_0_+disjointig_1_1356458_1386122 29664 1 4996014 1356458 1386122
Edge	51	184	30	0	0	0	87	-1
	Sequence	-edge_26_0_+disjointig_1_1356458_1386122 29664 -1 4996014 3609891 3639555
Edge	52	127	114	0	0	0	78	-1
	Sequence	+edge_27_0_-disjointig_1_2768260_2809532 41272 -1 4996014 2768260 2809532
Edge	53	64	81	0	0	0	78	-1
	Sequence	-edge_27_0_-disjointig_1_2768260_2809532 41272 1 4996014 2186481 2227753
Edge	54	97	176	0	0	0	77	-1
	Sequence	+edge_28_0_+disjointig_1_1693226_1987854 294628 1 4996014 1693226 1987854
Edge	55	175	18	0	0	0	77	-1
	Sequence	-edge_28_0_+disjointig_1_1693226_1987854 294628 -1 4996014 3008159 3302787
Edge	56	143	74	0	0	0	64	-1
	Sequence	+edge_29_0_-disjointig_1_1993603_2191061 197458 -1 4996014 1993603 2191061
Edge	57	129	149	0	0	0	64	-1
	Sequence	-edge_29_0_-disjointig_1_1993603_2191061 197458 1 4996014 2804952 3002410
Edge	60	32	48	0	0	0	71	-1
	Sequence	+edge_31_0_+disjointig_1_946028_970813 24785 1 4996014 946028 970813
Edge	61	93	31	0	0	0	71	-1
	Sequence	-edge_31_0_+disjointig_1_946028_970813 24785 -1 4996014 4025200 4049985
Edge	62	76	19	0	0	0	75	-1
	Sequence	+edge_32_0_-disjointig_1_3814097_3867074 52977 -1 4996014 3814097 3867074
Edge	63	21	75	0	0	0	75	-1
	Sequence	-edge_32_0_-disjointig_1_3814097_3867074 52977 1 4996014 1128939 1181916
Edge	66	23	95	0	0	0	74	-1
	Sequence	+edge_34_0_+disjointig_1_2587747_2595311 7564 1 4996014 2587747 2595311
Edge	67	36	26	0	0	0	74	-1
	Sequence	-edge_34_0_+disjointig_1_2587747_2595311 7564 -1 4996014 2400702 2408266
Edge	70	40	73	0	0	0	66	-1
	Sequence	+edge_36_0_+disjointig_1_2626992_2798962 171970 1 4996014 2626992 2798962
Edge	71	136	39	0	0	0	66	-1
	Sequence	-edge_36_0_+disjointig_1_2626992_2798962 171970 -1 4996014 2197051 2369021
Edge	72	37	173	0	0	0	73	-1
	Sequence	+edge_37_0_-disjointig_1_2372375_2377366 4991 -1 4996014 2372375 2377366
Edge	73	41	66	0	0	0	73	-1
	Sequence	-edge_37_0_-disjointig_1_2372375_2377366 4991 1 4996014 2618647 2623638
Edge	76	67	192	0	0	0	73	-1
	Sequence	+edge_39_0_-disjointig_1_2810682_3006656 195974 -1 4996014 2810682 3006656
Edge	77	178	65	0	0	0	73	-1
	Sequence	-edge_39_0_-disjointig_1_2810682_3006656 195974 1 4996014 1989357 2185331
Edge	84	161	151	0	0	0	55	-1
	Sequence	+edge_43_0_-disjointig_1_2192695_2195417 2722 -1 4996014 2192695 2195417
Edge	85	87	120	0	0	0	55	-1
	Sequence	-edge_43_0_-disjointig_1_2192695_2195417 2722 1 4996014 2800596 2803318
Edge	88	29	109	0	0	0	62	-1
	Sequence	+edge_45_0_-disjointig_1_1403464_1421601 18137 -1 4996014 1403464 1421601
Edge	89	88	28	0	0	0	62	-1
	Sequence	-edge_45_0_-disjointig_1_1403464_1421601 18137 1 4996014 3574412 3592549
Edge	92	131	103	0	0	0	54	-1
	Sequence	+edge_47_0_+disjointig_1_4271458_4379195 107737 1 4996014 4271458 4379195
Edge	93	83	172	0	0	0	54	-1
	Sequence	-edge_47_0_+disjointig_1_4271458_4379195 107737 -1 4996014 616818 724555
Edge	94	103	9	1	0	0	104	-1
	Sequence	+edge_48_0_+disjointig_1_4379195_4388684 9489 1 4996014 4379195 4388684
	Sequence	+edge_48_1_+disjointig_1_4574412_4583812 9400 1 4996014 4574412 4583812
Edge	95	7	83	1	0	0	104	-1
	Sequence	-edge_48_0_+disjointig_1_4379195_4388684 9489 -1 4996014 607329 616818
	Sequence	-edge_48_1_+disjointig_1_4574412_4583812 9400 -1 4996014 412201 421601
Edge	96	83	124	0	0	0	50	-1
	Sequence	+edge_49_0_-disjointig_1_421601_566891 145290 -1 4996014 421601 566891
Edge	97	152	103	0	0	0	50	-1
	Sequence	-edge_49_0_-disjointig_1_421601_566891 145290 1 4996014 4429122 4574412
Edge	98	82	139	1	0	0	46	2
	Sequence	+edge_50_0_+disjointig_1_4388684_4404999 16315 1 4996014 4388684 4404999
Edge	99	125	90	1	0	0	46	3
	Sequence	-edge_50_0_+disjointig_1_4388684_4404999 16315 -1 4996014 591014 607329
Edge	100	82	139	1	0	0	56	2
	Sequence	+edge_51_0_+disjointig_1_4583812_4600904 17092 1 4996014 4583812 4600904
Edge	101	125	90	1	0	0	56	3
	Sequence	-edge_51_0_+disjointig_1_4583812_4600904 17092 -1 4996014 395109 412201
Edge	102	159	6	1	0	0	121	-1
	Sequence	+edge_52_0_+disjointig_1_4404999_4408173 3174 1 4996014 4404999 4408173
	Sequence	+edge_52_1_+disjointig_1_4600904_4604079 3175 1 4996014 4600904 4604079
Edge	103	4	8	1	0	0	121	-1
	Sequence	-edge_52_0_+disjointig_1_4404999_4408173 3174 -1 4996014 587840 591014
	Sequence	-edge_52_1_+disjointig_1_4600904_4604079 3175 -1 4996014 391934 395109
Edge	104	171	187	1	0	0	47	4
	Sequence	+edge_53_0_+disjointig_1_4408173_4411963 3790 1 4996014 4408173 4411963
Edge	105	154	102	1	0	0	47	5
	Sequence	-edge_53_0_+disjointig_1_4408173_4411963 3790 -1 4996014 584050 587840
Edge	106	171	187	1	0	0	66	4
	Sequence	+edge_54_0_+disjointig_1_4604079_4606118 2039 1 4996014 4604079 4606118
Edge	107	154	102	1	0	0	66	5
	Sequence	-edge_54_0_+disjointig_1_4604079_4606118 2039 -1 4996014 389895 391934
Edge	108	5	3	1	0	0	121	-1
	Sequence	+edge_55_0_+disjointig_1_4411963_4413025 1062 1 4996014 4411963 4413025
	Sequence	+edge_55_1_+disjointig_1_4606118_4607179 1061 1 4996014 4606118 4607179
Edge	109	190	59	1	0	0	121	-1
	Sequence	-edge_55_0_+disjointig_1_4411963_4413025 1062 -1 4996014 582988 584050
	Sequence	-edge_55_1_+disjointig_1_4606118_4607179 1061 -1 4996014 388834 389895
Edge	110	135	140	1	0	0	59	6
	Sequence	+edge_56_0_+disjointig_1_4413025_4418431 5406 1 4996014 4413025 4418431
Edge	111	165	138	1	0	0	59	7
	Sequence	-edge_56_0_+disjointig_1_4413025_4418431 5406 -1 4996014 577582 582988
Edge	112	135	140	1	0	0	60	6
	Sequence	+edge_57_0_+disjointig_1_4607179_4609522 2343 1 4996014 4607179 4609522
Edge	113	165	138	1	0	0	60	7
	Sequence	-edge_57_0_+disjointig_1_4607179_4609522 2343 -1 4996014 386491 388834
Edge	114	98	2	1	0	0	123	-1
	Sequence	+edge_58_0_+disjointig_1_4418431_4419497 1066 1 4996014 4418431 4419497
	Sequence	+edge_58_1_+disjointig_1_4609522_4610588 1066 1 4996014 4609522 4610588
Edge	115	100	11	1	0	0	123	-1
	Sequence	-edge_58_0_+disjointig_1_4418431_4419497 1066 -1 4996014 576516 577582
	Sequence	-edge_58_1_+disjointig_1_4609522_4610588 1066 -1 4996014 385425 386491
Edge	116	142	146	1	0	0	53	8
	Sequence	+edge_59_0_+disjointig_1_4419497_4425634 6137 1 4996014 4419497 4425634
Edge	117	147	145	1	0	0	53	9
	Sequence	-edge_59_0_+disjointig_1_4419497_4425634 6137 -1 4996014 570379 576516
Edge	118	142	146	1	0	0	72	8
	Sequence	+edge_60_0_+disjointig_1_4610588_4614458 3870 1 4996014 4610588 4614458
Edge	119	147	145	1	0	0	72	9
	Sequence	-edge_60_0_+disjointig_1_4610588_4614458 3870 -1 4996014 381555 385425
Edge	120	56	0	1	0	0	106	-1
	Sequence	+edge_61_0_+disjointig_1_4425634_4426647 1013 1 4996014 4425634 4426647
	Sequence	+edge_61_1_+disjointig_1_4614458_4615472 1014 1 4996014 4614458 4615472
Edge	121	133	1	1	0	0	106	-1
	Sequence	-edge_61_0_+disjointig_1_4425634_4426647 1013 -1 4996014 569366 570379
	Sequence	-edge_61_1_+disjointig_1_4614458_4615472 1014 -1 4996014 380541 381555
Edge	122	110	150	1	0	0	34	10
	Sequence	+edge_62_0_+disjointig_1_4426647_4427998 1351 1 4996014 4426647 4427998
Edge	123	137	121	1	0	0	34	11
	Sequence	-edge_62_0_+disjointig_1_4426647_4427998 1351 -1 4996014 568015 569366
Edge	124	110	150	1	0	0	68	10
	Sequence	+edge_63_0_+disjointig_1_4615472_4616797 1325 1 4996014 4615472 4616797
Edge	125	137	121	1	0	0	68	11
	Sequence	-edge_63_0_+disjointig_1_4615472_4616797 1325 -1 4996014 379216 380541
Edge	126	20	152	1	0	0	111	-1
	Sequence	+edge_64_0_+disjointig_1_4427998_4429122 1124 1 4996014 4427998 4429122
	Sequence	+edge_64_1_+disjointig_1_4616797_4617917 1120 1 4996014 4616797 4617917
Edge	127	124	51	1	0	0	111	-1
	Sequence	-edge_64_0_+disjointig_1_4427998_4429122 1124 -1 4996014 566891 568015
	Sequence	-edge_64_1_+disjointig_1_4616797_4617917 1120 -1 4996014 378096 379216
Edge	128	188	155	0	0	0	26	-1
	Sequence	+edge_65_0_+disjointig_2_0_4024 4024 2 4025 0 4024
Edge	129	156	141	0	0	0	26	-1
	Sequence	-edge_65_0_+disjointig_2_0_4024 4024 -2 4025 0 4024
Edge	134	166	108	1	0	0	136	-1
	Sequence	+edge_68_0_+disjointig_3_10647_12360 1713 3 29720 10647 12360
	Sequence	+edge_68_1_+disjointig_3_20341_21654 1313 3 29720 20341 21654
Edge	135	169	117	1	0	0	136	-1
	Sequence	-edge_68_0_+disjointig_3_10647_12360 1713 -3 29720 17359 19072
	Sequence	-edge_68_1_+disjointig_3_20341_21654 1313 -3 29720 8065 9378
Edge	144	61	34	0	0	0	48	-1
	Sequence	+edge_73_0_+disjointig_4_39188_49414 10226 4 169100 39188 49414
	Sequence	+edge_73_1_+disjointig_4_131348_141575 10227 4 169100 131348 141575
Edge	145	191	58	0	0	0	48	-1
	Sequence	-edge_73_0_+disjointig_4_39188_49414 10226 -4 169100 119685 129911
	Sequence	-edge_73_1_+disjointig_4_131348_141575 10227 -4 169100 27524 37751
Edge	146	180	132	0	0	0	38	-1
	Sequence	+edge_74_0_+disjointig_5_0_2433 2433 5 2434 0 2433
Edge	147	104	163	0	0	0	38	-1
	Sequence	-edge_74_0_+disjointig_5_0_2433 2433 -5 2434 0 2433
Edge	148	152	126	0	0	0	57	-1
	Sequence	+edge_75_0_+disjointig_1_4617917_4995963 378046 1 4996014 4617917 4995963
Edge	149	115	124	0	0	0	57	-1
	Sequence	-edge_75_0_+disjointig_1_4617917_4995963 378046 -1 4996014 50 378096
Edge	150	126	43	0	0	0	64	-1
	Sequence	+edge_76_0_+disjointig_1_34744_431537 396793 1 4996014 34744 431537
Edge	151	12	115	0	0	0	64	-1
	Sequence	-edge_76_0_+disjointig_1_34744_431537 396793 -1 4996014 4564476 4961269
Edge	152	108	166	1	0	0	130	-1
	Sequence	+edge_77_0_+disjointig_3_2870_10647 7777 3 29720 2870 10647
	Sequence	+edge_77_1_+disjointig_3_12360_20341 7981 3 29720 12360 20341
	Sequence	+edge_77_2_+disjointig_3_21654_29634 7980 3 29720 21654 29634
Edge	153	117	169	1	0	0	130	-1
	Sequence	-edge_77_0_+disjointig_3_2870_10647 7777 -3 29720 19072 26849
	Sequence	-edge_77_1_+disjointig_3_12360_20341 7981 -3 29720 9378 17359
	Sequence	-edge_77_2_+disjointig_3_21654_29634 7980 -3 29720 85 8065
Edge	154	91	174	0	0	0	57	-1
	Sequence	+edge_78_0_+disjointig_4_51192_129569 78377 4 169100 51192 129569
Edge	155	55	33	0	0	0	57	-1
	Sequence	-edge_78_0_+disjointig_4_51192_129569 78377 -4 169100 39530 117907
Edge	156	170	131	0	0	0	51	-1
	Sequence	+edge_79_0_-SRR33251869.43633_9649_11721 2072 * 0 0 0
Edge	157	172	99	0	0	0	51	-1
	Sequence	-edge_79_0_-SRR33251869.43633_9649_11721 2072 * 0 0 0
Edge	158	192	175	0	0	0	75	-1
	Sequence	+edge_80_0_-SRR33251869.50138_34906_36408 1502 * 0 0 0
Edge	159	176	178	0	0	0	75	-1
	Sequence	-edge_80_0_-SRR33251869.50138_34906_36408 1502 * 0 0 0
Edge	160	182	134	0	0	0	65	-1
	Sequence	+edge_81_0_-SRR33251869.93714_10029_11447 1418 * 0 0 0
Edge	161	158	84	0	0	0	65	-1
	Sequence	-edge_81_0_-SRR33251869.93714_10029_11447 1418 * 0 0 0
Edge	162	181	143	0	0	0	61	-1
	Sequence	+edge_82_0_-SRR33251869.51377_5264_10593 5329 * 0 0 0
Edge	163	149	85	0	0	0	61	-1
	Sequence	-edge_82_0_-SRR33251869.51377_5264_10593 5329 * 0 0 0
Edge	164	106	183	0	0	0	69	-1
	Sequence	+edge_83_0_-SRR33251869.15831_6537_7867 1330 * 0 0 0
Edge	165	111	153	0	0	0	69	-1
	Sequence	-edge_83_0_-SRR33251869.15831_6537_7867 1330 * 0 0 0
Edge	166	112	184	0	0	0	84	-1
	Sequence	+edge_84_0_+SRR33251869.27936_20784_21934 1150 * 0 0 0
Edge	167	86	105	0	0	0	84	-1
	Sequence	-edge_84_0_+SRR33251869.27936_20784_21934 1150 * 0 0 0
Edge	168	185	189	0	0	0	78	-1
	Sequence	+edge_85_0_+SRR33251869.23176_3942_9286 5344 * 0 0 0
Edge	169	167	193	0	0	0	78	-1
	Sequence	-edge_85_0_+SRR33251869.23176_3942_9286 5344 * 0 0 0
Edge	170	130	80	0	0	0	53	-1
	Sequence	+edge_86_0_-SRR33251869.45225_5976_7303 1327 * 0 0 0
Edge	171	78	160	0	0	0	53	-1
	Sequence	-edge_86_0_-SRR33251869.45225_5976_7303 1327 * 0 0 0
Edge	172	109	92	0	0	0	60	-1
	Sequence	+edge_87_0_+SRR33251869.28801_886_2148 1262 * 0 0 0
Edge	173	168	88	0	0	0	60	-1
	Sequence	-edge_87_0_+SRR33251869.28801_886_2148 1262 * 0 0 0
Edge	174	123	76	0	0	0	79	-1
	Sequence	+edge_88_0_-SRR33251869.62637_4785_6663 1878 * 0 0 0
Edge	175	75	162	0	0	0	79	-1
	Sequence	-edge_88_0_-SRR33251869.62637_4785_6663 1878 * 0 0 0
Edge	176	73	87	0	0	0	60	-1
	Sequence	+edge_89_0_-SRR33251869.31302_5521_7156 1635 * 0 0 0
Edge	177	151	136	0	0	0	60	-1
	Sequence	-edge_89_0_-SRR33251869.31302_5521_7156 1635 * 0 0 0
Edge	178	120	129	0	0	0	59	-1
	Sequence	+edge_90_0_-SRR33251869.8574_5380_7014 1634 * 0 0 0
Edge	179	74	161	0	0	0	59	-1
	Sequence	-edge_90_0_-SRR33251869.8574_5380_7014 1634 * 0 0 0
Edge	180	72	71	0	0	0	48	-1
	Sequence	+edge_91_0_+SRR33251869.10823_5558_7332 1774 * 0 0 0
Edge	181	119	128	0	0	0	48	-1
	Sequence	-edge_91_0_+SRR33251869.10823_5558_7332 1774 * 0 0 0
Edge	182	70	69	0	0	0	49	-1
	Sequence	+edge_92_0_-SRR33251869.17623_13330_15219 1889 * 0 0 0
Edge	183	68	144	0	0	0	49	-1
	Sequence	-edge_92_0_-SRR33251869.17623_13330_15219 1889 * 0 0 0
Edge	184	114	67	0	0	0	75	-1
	Sequence	+edge_93_0_-SRR33251869.507_28645_29794 1149 * 0 0 0
Edge	185	65	64	0	0	0	75	-1
	Sequence	-edge_93_0_-SRR33251869.507_28645_29794 1149 * 0 0 0
Edge	186	101	63	0	0	0	78	-1
	Sequence	+edge_94_0_-SRR33251869.37465_13039_18473 5434 * 0 0 0
Edge	187	107	118	0	0	0	78	-1
	Sequence	-edge_94_0_-SRR33251869.37465_13039_18473 5434 * 0 0 0
Edge	188	116	62	0	0	0	65	-1
	Sequence	+edge_95_0_-SRR33251869.54387_21273_23051 1778 * 0 0 0
Edge	189	177	122	0	0	0	65	-1
	Sequence	-edge_95_0_-SRR33251869.54387_21273_23051 1778 * 0 0 0
Edge	190	174	61	0	0	0	52	-1
	Sequence	+edge_96_0_+SRR33251869.91222_15814_17591 1777 * 0 0 0
Edge	191	58	55	0	0	0	52	-1
	Sequence	-edge_96_0_+SRR33251869.91222_15814_17591 1777 * 0 0 0
Edge	192	94	127	0	0	0	75	-1
	Sequence	+edge_97_0_-SRR33251869.12001_21280_26530 5250 * 0 0 0
Edge	193	81	89	0	0	0	75	-1
	Sequence	-edge_97_0_-SRR33251869.12001_21280_26530 5250 * 0 0 0
Edge	194	53	52	0	0	0	66	-1
	Sequence	+edge_98_0_-SRR33251869.24860_16063_21473 5410 * 0 0 0
Edge	195	50	49	0	0	0	66	-1
	Sequence	-edge_98_0_-SRR33251869.24860_16063_21473 5410 * 0 0 0
Edge	196	96	93	0	0	0	75	-1
	Sequence	+edge_99_0_-SRR33251869.42103_19445_20708 1263 * 0 0 0
Edge	197	48	47	0	0	0	75	-1
	Sequence	-edge_99_0_-SRR33251869.42103_19445_20708 1263 * 0 0 0
Edge	198	46	44	0	0	0	77	-1
	Sequence	+edge_100_0_+SRR33251869.92650_1513_2841 1328 * 0 0 0
Edge	199	79	148	0	0	0	77	-1
	Sequence	-edge_100_0_+SRR33251869.92650_1513_2841 1328 * 0 0 0
Edge	200	173	60	0	0	0	70	-1
	Sequence	+edge_101_0_-SRR33251869.16574_4063_5371 1308 * 0 0 0
Edge	201	42	41	0	0	0	70	-1
	Sequence	-edge_101_0_-SRR33251869.16574_4063_5371 1308 * 0 0 0
Edge	202	66	40	0	0	0	69	-1
	Sequence	+edge_102_0_-SRR33251869.61575_25684_29032 3348 * 0 0 0
Edge	203	39	37	0	0	0	69	-1
	Sequence	-edge_102_0_-SRR33251869.61575_25684_29032 3348 * 0 0 0
Edge	204	38	36	0	0	0	72	-1
	Sequence	+edge_103_0_-SRR33251869.101359_10391_11700 1309 * 0 0 0
Edge	205	95	35	0	0	0	72	-1
	Sequence	-edge_103_0_-SRR33251869.101359_10391_11700 1309 * 0 0 0
Edge	206	34	91	0	0	0	52	-1
	Sequence	+edge_104_0_+SRR33251869.105074_1032_2808 1776 * 0 0 0
Edge	207	33	191	0	0	0	52	-1
	Sequence	-edge_104_0_+SRR33251869.105074_1032_2808 1776 * 0 0 0
Edge	208	77	32	0	0	0	69	-1
	Sequence	+edge_105_0_-SRR33251869.80111_16133_18023 1890 * 0 0 0
Edge	209	31	45	0	0	0	69	-1
	Sequence	-edge_105_0_-SRR33251869.80111_16133_18023 1890 * 0 0 0
Edge	210	30	157	0	0	0	85	-1
	Sequence	+edge_106_0_-SRR33251869.19369_9503_14822 5319 * 0 0 0
Edge	211	179	113	0	0	0	85	-1
	Sequence	-edge_106_0_-SRR33251869.19369_9503_14822 5319 * 0 0 0
Edge	212	186	29	0	0	0	58	-1
	Sequence	+edge_107_0_-SRR33251869.73179_7662_8923 1261 * 0 0 0
Edge	213	28	27	0	0	0	58	-1
	Sequence	-edge_107_0_-SRR33251869.73179_7662_8923 1261 * 0 0 0
Edge	214	26	25	0	0	0	73	-1
	Sequence	+edge_108_0_-SRR33251869.17909_3770_5033 1263 * 0 0 0
Edge	215	24	23	0	0	0	73	-1
	Sequence	-edge_108_0_-SRR33251869.17909_3770_5033 1263 * 0 0 0
Edge	216	22	21	0	0	0	75	-1
	Sequence	+edge_109_0_+SRR33251869.22211_21939_25293 3354 * 0 0 0
Edge	217	19	164	0	0	0	75	-1
	Sequence	-edge_109_0_+SRR33251869.22211_21939_25293 3354 * 0 0 0
Edge	218	18	17	0	0	0	78	-1
	Sequence	+edge_110_0_+SRR33251869.98604_1166_6508 5342 * 0 0 0
Edge	219	16	97	0	0	0	78	-1
	Sequence	-edge_110_0_+SRR33251869.98604_1166_6508 5342 * 0 0 0
Edge	220	15	14	0	0	0	50	-1
	Sequence	+edge_111_0_+SRR33251869.77028_14821_16325 1504 * 0 0 0
Edge	221	57	54	0	0	0	50	-1
	Sequence	-edge_111_0_+SRR33251869.77028_14821_16325 1504 * 0 0 0
Edge	222	13	12	0	0	0	64	-1
	Sequence	+edge_112_0_-SRR33251869.12336_2744_4073 1329 * 0 0 0
Edge	223	43	10	0	0	0	64	-1
	Sequence	-edge_112_0_-SRR33251869.12336_2744_4073 1329 * 0 0 0
Edge	224	9	159	1	0	0	112	-1
	Sequence	+edge_113_haplotype 16315 * 0 0 0
Edge	225	8	7	1	0	0	112	-1
	Sequence	-edge_113_haplotype 16315 * 0 0 0
Edge	226	6	5	1	0	0	121	-1
	Sequence	+edge_114_haplotype 3790 * 0 0 0
Edge	227	59	4	1	0	0	121	-1
	Sequence	-edge_114_haplotype 3790 * 0 0 0
Edge	228	3	98	1	0	0	122	-1
	Sequence	+edge_115_haplotype 5406 * 0 0 0
Edge	229	11	190	1	0	0	122	-1
	Sequence	-edge_115_haplotype 5406 * 0 0 0
Edge	230	2	56	1	0	0	114	-1
	Sequence	+edge_116_haplotype 6137 * 0 0 0
Edge	231	1	100	1	0	0	114	-1
	Sequence	-edge_116_haplotype 6137 * 0 0 0
Edge	232	0	20	1	0	0	108	-1
	Sequence	+edge_117_haplotype 1351 * 0 0 0
Edge	233	51	133	1	0	0	108	-1
	Sequence	-edge_117_haplotype 1351 * 0 0 0
